10000
7 76
1 75
3 56
3 45
2 79
7 39
9 6
4 3
8 48
6 12
2 82
4 49
10 78
6 11
9 45
9 74
3 54
8 80
7 45
1 55
3 18
10 36
5 99
5 87
10 86
10 31
4 94
10 4
6 76
3 98
9 88
4 71
8 83
5 99
5 5
1 98
5 74
8 25
6 16
3 59
3 74
1 57
6 95
8 7
4 46
9 61
6 31
10 26
4 32
6 98
9 69
2 3
2 60
8 36
10 2
10 92
5 74
4 79
6 49
7 75
8 60
1 45
5 88
10 46
4 38
5 24
6 30
7 3
6 9
9 21
3 7
8 58
7 80
2 76
8 91
4 91
4 2
7 40
6 56
9 33
10 62
9 11
8 72
5 18
3 90
4 27
8 19
9 62
8 88
10 40
3 92
3 27
1 62
4 27
7 48
5 88
5 23
9 76
8 4
1 57
10 61
6 36
1 93
3 55
1 92
2 62
7 63
2 70
1 77
5 24
5 82
4 69
9 32
8 81
7 35
6 60
10 99
5 42
8 70
5 56
2 100
7 24
8 7
1 10
6 78
6 36
9 4
1 73
5 53
7 51
5 11
10 55
4 58
9 56
1 57
9 50
7 72
2 50
1 11
10 0
2 16
8 32
3 55
4 5
9 35
5 64
4 33
6 66
8 61
4 100
8 89
3 32
5 39
7 37
9 69
2 28
3 18
3 6
7 15
3 84
3 100
7 69
4 28
4 12
3 68
4 46
1 92
8 69
6 65
9 94
5 61
4 53
7 33
5 3
5 89
8 100
4 20
2 79
9 80
8 50
9 78
8 69
4 28
1 100
5 4
4 16
9 79
10 90
6 28
8 70
2 23
10 70
8 9
3 10
4 59
3 22
7 1
9 96
8 17
10 53
4 85
2 21
3 23
10 91
10 90
6 24
10 22
6 98
1 28
8 0
8 21
7 80
9 51
2 19
2 2
8 63
5 7
10 95
9 80
6 25
3 53
3 53
7 91
4 36
5 43
10 92
4 65
7 58
9 56
4 40
7 14
2 95
2 25
2 55
4 25
1 69
5 80
3 52
5 88
7 1
8 85
8 89
2 86
5 66
2 38
5 96
1 68
1 2
7 58
6 38
4 7
4 52
3 98
8 26
9 60
4 7
6 75
8 26
1 76
1 55
2 59
1 83
3 12
7 13
3 37
6 7
6 51
7 90
7 81
9 76
7 49
9 55
8 37
3 11
1 36
6 38
8 48
2 26
6 18
1 41
7 11
7 98
4 87
8 35
7 76
3 22
1 98
5 0
10 10
3 89
9 60
1 95
3 63
4 52
6 85
6 92
1 27
4 2
1 58
2 59
9 99
4 52
9 68
5 80
7 44
1 94
4 36
9 78
7 67
3 76
8 51
2 53
5 40
5 6
2 4
1 5
9 31
7 88
10 59
1 21
2 98
5 0
10 95
2 53
1 26
1 100
9 23
6 32
3 22
8 60
6 57
3 69
3 10
5 32
4 45
3 41
2 96
8 64
10 96
1 85
4 77
7 77
7 35
5 21
2 17
9 4
4 19
10 99
4 13
10 48
5 64
2 28
8 4
1 86
6 3
4 98
3 66
5 75
9 14
4 32
4 69
10 7
7 94
5 83
1 8
1 63
8 77
8 5
5 65
9 77
7 86
1 37
6 95
1 23
5 64
10 0
8 44
9 67
8 13
6 30
6 71
7 6
7 19
8 43
4 22
2 30
9 47
8 11
1 10
8 64
5 92
10 21
8 22
7 93
2 58
1 43
6 2
9 87
3 36
3 13
8 7
7 2
5 27
9 20
3 40
1 72
10 99
7 40
2 9
7 52
4 36
8 55
6 79
4 31
5 76
2 79
10 9
6 90
4 61
3 54
1 1
3 47
4 30
6 4
1 21
4 69
7 3
9 49
4 54
8 86
1 77
4 2
1 48
6 96
5 8
8 7
9 30
2 50
9 96
6 40
10 85
6 74
3 6
1 22
2 1
4 43
4 49
4 56
3 54
8 88
10 92
8 24
10 94
10 13
6 73
7 57
3 55
5 95
6 54
9 33
1 28
2 5
4 78
6 39
9 46
7 9
8 18
9 24
4 23
1 11
3 57
10 1
10 4
9 90
2 95
9 58
9 90
7 7
4 33
1 83
10 33
10 47
1 47
5 36
10 64
9 67
6 80
8 0
6 5
1 63
4 11
10 92
1 0
7 40
1 20
6 80
3 64
6 67
5 0
9 56
6 39
10 75
7 33
7 86
8 87
10 40
3 75
7 48
7 9
3 22
9 73
5 33
8 95
9 99
2 43
6 85
4 48
2 13
9 31
6 88
7 30
5 14
5 68
2 7
7 27
8 45
2 80
1 85
10 48
3 16
10 62
2 66
6 7
9 50
8 49
4 78
8 94
6 45
4 57
4 33
7 37
1 84
4 66
8 43
2 71
7 73
6 13
2 29
9 94
7 70
8 0
9 62
6 29
5 96
5 33
1 45
9 65
2 37
7 70
3 63
3 75
1 94
4 68
8 67
6 67
3 97
7 63
5 63
6 81
3 82
9 2
1 85
10 52
9 57
3 83
1 80
6 15
3 50
9 8
5 81
6 99
4 29
10 48
1 72
4 58
4 54
9 33
5 50
4 48
8 72
9 100
9 7
4 9
4 45
4 61
8 65
7 11
4 74
8 10
2 8
8 64
2 20
1 63
1 89
8 42
9 92
6 26
6 44
3 32
3 22
10 29
5 56
7 19
10 98
5 22
2 43
2 92
2 94
8 79
5 62
1 43
7 34
5 24
5 35
6 95
5 44
3 91
4 99
3 93
2 49
8 78
2 28
6 62
1 43
9 82
3 13
9 2
10 75
4 17
10 13
8 5
9 4
4 26
4 67
6 70
10 49
9 17
1 3
6 42
7 24
1 23
8 57
3 33
1 64
10 88
4 19
5 53
4 83
10 42
9 12
8 31
8 0
5 52
1 70
9 98
6 82
8 99
3 15
9 75
9 73
6 58
10 16
9 53
4 54
7 0
2 91
7 18
8 23
4 100
3 33
5 28
1 24
9 53
3 32
5 20
7 98
2 11
2 39
9 32
4 70
4 58
1 20
1 96
6 31
2 32
9 11
7 73
10 71
4 31
2 21
5 50
9 69
5 85
3 30
4 54
6 82
7 27
10 41
9 23
2 84
2 22
1 75
1 34
7 26
3 15
1 10
6 66
4 81
9 16
2 92
8 71
9 12
3 34
1 34
8 28
4 48
8 35
5 43
5 64
8 23
1 72
6 3
8 94
4 19
7 63
6 24
7 50
3 96
7 80
2 56
8 16
8 66
7 3
1 47
1 56
4 100
4 15
4 55
3 73
1 32
4 2
2 54
6 39
3 3
1 69
1 28
7 32
8 77
2 58
9 77
1 46
4 70
8 16
1 30
1 34
6 85
4 9
10 81
9 90
10 79
2 86
6 95
6 69
2 3
1 50
9 82
10 50
2 95
8 14
6 98
10 80
8 59
7 32
4 40
10 85
2 77
10 13
6 14
9 52
9 36
9 3
7 0
3 99
2 67
10 57
7 11
1 7
2 99
1 32
8 30
1 39
6 33
10 66
5 44
8 72
3 29
10 45
10 33
9 4
6 14
6 19
1 38
3 61
2 20
7 34
6 57
1 97
2 54
7 74
10 58
3 1
3 4
7 36
7 73
3 96
8 9
10 25
9 6
9 28
8 55
10 22
9 32
3 68
2 86
9 62
10 51
4 93
6 87
3 55
4 32
4 44
1 3
4 66
1 27
2 30
4 59
3 49
10 2
8 78
3 70
9 5
4 79
2 42
7 80
2 39
5 96
3 6
9 4
7 73
3 20
8 74
5 87
10 46
6 29
8 41
10 78
10 2
2 34
2 63
2 70
8 7
3 92
6 77
6 99
1 44
5 61
10 39
7 99
7 67
9 51
4 44
10 56
5 68
10 29
2 56
2 34
9 55
10 47
2 99
1 88
6 91
1 86
6 36
1 32
4 72
4 92
10 60
5 75
2 40
7 24
1 64
4 82
5 1
10 6
6 93
2 7
7 49
2 12
9 88
6 28
7 78
4 95
4 14
10 4
4 55
4 68
3 4
9 95
8 43
10 13
8 32
2 24
4 81
1 62
6 6
6 64
2 81
9 51
2 22
5 48
6 37
8 100
7 31
2 29
3 53
8 36
6 20
9 19
7 23
6 35
4 95
4 10
5 52
7 50
9 37
3 76
3 64
4 13
10 48
10 53
4 72
9 92
10 21
4 78
3 92
5 88
5 26
3 42
5 63
2 22
5 93
3 87
5 13
1 56
9 60
7 6
4 47
6 38
9 57
3 98
6 41
10 36
2 8
6 85
1 26
2 49
6 24
8 89
5 88
7 9
4 60
7 3
4 89
10 84
8 36
4 78
6 27
8 69
1 78
8 16
2 41
1 98
4 95
4 54
5 39
5 98
1 19
8 3
8 20
5 91
7 95
9 31
9 42
6 1
5 86
9 8
7 74
5 41
2 8
8 27
6 87
4 13
6 19
7 95
2 45
5 16
8 7
7 88
7 38
7 31
9 71
6 64
5 81
8 5
4 25
5 77
10 38
7 0
8 69
9 88
6 90
6 66
2 56
4 20
5 45
8 54
10 71
8 6
5 15
1 74
2 68
4 63
7 68
1 64
2 86
8 96
1 46
7 83
9 62
3 63
7 59
8 89
5 41
1 64
7 32
7 65
10 49
6 48
6 57
10 66
3 82
10 92
3 41
5 82
4 40
6 0
10 23
10 33
5 17
3 32
4 74
9 65
2 92
9 13
6 13
6 16
6 8
3 9
5 80
2 91
2 4
5 42
3 60
10 80
5 50
8 30
4 79
6 39
4 53
10 50
3 74
3 80
1 59
10 70
6 35
3 93
10 20
9 33
6 15
4 80
8 33
3 58
8 65
2 97
9 67
3 1
10 34
4 38
1 82
4 99
1 49
4 15
1 61
7 18
7 98
1 98
4 9
10 6
1 78
4 45
3 31
2 100
6 86
4 60
5 55
5 24
8 83
1 16
2 25
2 45
6 87
2 13
9 87
8 33
2 73
9 54
3 63
1 27
7 46
4 2
10 68
1 85
7 76
4 98
5 51
4 24
5 83
6 29
6 83
1 46
2 99
6 9
8 100
9 86
6 83
10 87
5 67
6 81
1 55
1 95
8 48
7 99
5 0
10 40
2 24
10 70
1 18
10 12
7 3
6 62
9 34
9 24
9 52
1 77
7 35
1 93
5 24
3 69
9 80
1 56
5 99
7 66
2 99
1 22
10 73
10 28
9 91
10 94
7 76
3 53
9 40
10 23
10 47
8 46
3 22
10 48
8 40
5 11
9 80
5 2
3 57
6 69
4 81
8 98
1 1
4 100
1 15
9 17
3 45
10 47
9 84
2 40
6 44
6 91
10 63
6 50
1 75
8 28
3 30
10 53
1 2
3 63
7 40
3 94
9 93
10 81
9 15
7 25
10 28
3 8
7 1
5 1
8 3
1 99
5 9
5 95
9 56
8 58
5 86
6 12
2 76
1 35
8 12
3 66
5 51
8 33
1 79
10 84
5 45
7 75
9 96
2 30
2 18
7 60
3 76
4 72
6 24
1 63
2 50
6 7
1 66
4 36
9 60
9 63
8 38
5 51
7 81
10 66
10 35
6 70
2 65
2 54
8 90
7 4
4 68
10 78
8 37
10 72
2 14
5 42
5 100
9 39
5 6
10 94
6 14
5 88
7 100
3 41
4 19
9 33
1 12
6 82
3 53
6 4
3 41
9 13
4 22
7 26
9 64
1 44
2 95
4 61
9 79
1 12
2 4
10 88
5 78
7 36
7 6
5 86
8 32
6 49
6 95
6 43
9 21
4 95
3 57
8 27
2 37
8 89
3 47
5 100
2 40
8 50
7 79
6 94
5 10
7 0
3 5
3 39
7 75
6 77
8 9
1 32
6 90
7 29
5 35
9 60
8 17
2 99
7 98
8 91
7 14
5 33
3 63
6 76
3 19
6 96
1 86
9 58
6 42
6 27
7 96
5 68
1 43
7 94
8 5
8 61
1 72
3 38
7 17
10 66
9 73
4 69
4 86
1 4
9 58
10 86
7 73
6 47
8 23
10 47
3 10
8 64
10 48
5 74
8 54
8 28
4 80
7 73
5 69
2 26
6 58
3 0
1 88
4 13
10 36
5 22
9 55
4 90
5 13
2 21
10 92
9 17
10 92
7 11
8 1
1 19
1 14
3 51
6 32
9 100
4 30
5 62
8 66
8 44
3 0
5 26
9 65
5 6
4 91
5 7
10 61
10 55
4 74
10 38
9 52
7 100
1 70
6 53
8 51
5 48
2 32
4 96
10 30
4 10
6 58
1 20
8 73
3 38
5 63
9 64
8 62
2 9
6 99
6 57
5 0
7 18
3 60
5 51
9 56
2 52
10 82
3 80
7 10
2 84
1 79
4 36
7 77
5 67
9 23
7 27
6 65
4 49
7 20
6 21
1 84
9 74
3 64
6 52
1 78
2 100
9 47
5 86
9 40
6 55
5 79
6 54
9 80
4 56
7 62
4 16
10 21
10 1
3 83
1 55
2 84
6 51
9 38
10 29
8 6
6 93
2 26
3 61
3 87
1 67
7 79
3 69
1 60
8 30
4 11
10 99
7 60
2 72
4 42
6 80
3 33
2 44
10 0
4 40
9 10
8 76
1 75
2 73
4 23
9 4
8 50
5 12
1 32
3 14
8 59
9 65
10 45
6 99
2 16
7 17
3 82
7 39
8 0
3 100
6 99
3 72
9 95
7 8
2 75
1 85
3 72
9 26
8 37
2 47
5 18
1 38
7 62
2 5
2 96
4 90
1 46
6 17
9 21
5 29
4 90
9 55
5 68
6 63
6 8
3 45
9 23
10 74
5 17
5 59
8 36
3 88
1 16
3 81
3 38
9 76
2 41
7 14
4 33
10 79
9 13
10 38
2 28
2 36
2 75
2 41
5 59
8 70
6 74
9 71
1 6
5 82
2 77
3 52
1 24
2 50
1 47
2 12
6 37
10 62
2 80
9 49
2 26
5 33
3 87
5 12
7 35
8 71
3 71
7 82
1 83
9 70
3 10
9 53
2 36
4 19
10 76
6 19
5 14
8 76
1 42
9 51
4 34
5 97
5 1
3 88
9 72
8 2
3 26
6 65
6 80
10 100
1 24
3 50
10 72
2 8
6 93
3 88
4 43
9 72
2 38
6 95
10 15
8 22
3 14
6 89
7 26
4 29
3 4
3 96
6 35
7 99
10 17
10 78
6 72
1 88
9 39
6 26
1 100
6 39
6 89
5 99
1 47
2 95
3 37
8 90
3 1
3 40
7 29
9 53
2 12
10 81
10 64
9 41
10 52
3 6
2 69
8 21
4 30
10 13
5 1
8 13
3 56
10 42
2 46
1 39
1 98
6 29
6 50
5 89
2 3
6 73
1 99
2 57
7 40
8 14
7 99
5 59
3 12
8 1
4 83
2 78
7 100
4 61
2 74
8 51
6 48
10 80
3 41
5 58
7 85
5 83
3 27
9 4
4 44
3 2
3 91
4 100
5 99
5 76
7 99
1 74
8 13
2 84
7 80
3 87
1 13
6 26
5 77
9 14
6 99
4 40
1 31
8 67
1 60
2 88
9 75
7 32
10 27
4 18
3 89
7 46
8 14
3 41
2 19
2 10
1 43
8 2
9 28
2 98
8 74
8 20
8 25
10 73
9 15
8 43
2 79
5 47
10 55
9 92
3 1
9 62
4 80
3 97
10 59
3 41
5 85
7 67
8 6
3 34
8 88
5 81
1 23
3 73
9 82
1 7
7 52
4 2
1 32
6 28
9 55
1 85
7 19
1 71
10 12
10 2
7 71
10 3
7 65
5 49
2 34
8 68
1 53
1 61
2 32
5 75
8 10
6 27
7 17
8 2
2 90
1 66
1 71
4 59
3 37
7 8
5 58
3 93
1 37
3 13
5 72
1 88
2 88
3 73
8 5
5 78
1 25
1 59
1 12
4 8
9 38
7 62
2 19
5 75
6 66
2 26
7 40
9 91
9 94
8 49
4 30
7 64
9 86
6 42
9 72
6 96
10 88
10 37
3 97
3 49
9 100
9 41
4 61
6 33
3 14
10 93
6 67
3 87
8 26
9 95
9 81
10 70
5 98
7 60
5 87
10 95
4 87
4 89
9 31
1 15
6 26
6 19
2 16
2 36
1 89
10 1
10 85
1 83
10 62
3 75
9 38
4 19
5 46
4 68
5 34
3 38
6 2
7 95
4 71
1 13
8 96
9 85
9 66
2 5
6 10
9 88
5 5
2 17
8 98
3 62
7 41
10 70
1 64
5 40
1 77
1 91
9 93
4 74
9 22
7 74
2 57
10 31
3 11
2 26
8 61
7 12
5 86
1 51
1 54
6 15
10 13
7 48
6 44
8 88
2 28
3 52
4 92
3 11
5 32
8 67
8 27
2 30
5 31
2 52
4 2
6 61
2 72
6 63
4 81
4 49
9 59
10 78
10 84
10 90
8 32
2 55
1 26
8 86
10 89
8 94
10 81
1 7
1 69
10 29
1 93
2 86
4 54
4 93
8 58
5 51
6 54
1 75
1 97
7 81
5 54
7 52
5 89
5 100
9 93
5 65
6 31
2 62
2 75
4 24
8 21
1 23
10 25
6 4
7 44
9 25
4 98
9 80
2 33
9 12
2 75
9 20
2 62
9 98
6 37
10 52
7 51
1 66
4 50
7 12
9 5
6 60
9 97
3 9
1 16
6 6
8 9
1 73
1 16
6 61
4 59
6 14
8 47
2 65
2 32
5 50
8 20
1 100
10 74
9 38
10 43
1 46
7 80
6 100
3 38
2 69
2 97
2 63
8 19
5 35
9 67
8 14
10 78
10 32
8 66
6 48
1 15
6 92
4 80
4 7
6 49
7 78
6 13
4 36
6 98
5 85
3 69
3 3
1 60
6 44
4 18
7 39
8 60
4 96
1 48
10 95
9 45
5 20
2 14
3 71
7 40
10 51
4 59
6 35
1 29
1 73
10 86
10 34
1 45
7 10
4 60
4 6
4 96
10 90
4 22
5 99
10 41
1 49
6 16
1 7
2 25
2 5
6 2
8 85
3 87
9 49
6 16
4 63
5 72
8 62
4 42
6 67
7 37
7 56
6 4
10 22
2 35
2 65
7 4
10 39
7 97
5 7
6 65
8 35
2 28
8 100
9 87
7 27
10 13
8 90
4 39
6 10
7 61
1 63
3 52
5 75
4 2
3 17
8 22
8 64
3 53
8 51
6 52
7 87
1 56
7 81
10 27
7 87
8 96
8 74
3 55
5 93
1 24
1 42
9 65
9 35
1 87
1 0
8 53
6 68
3 91
2 80
6 98
3 13
7 73
10 32
10 73
10 34
10 10
5 94
4 3
10 74
8 57
5 83
4 75
7 72
8 35
4 82
1 80
5 59
2 53
8 11
7 37
5 1
6 26
7 50
10 97
1 56
9 84
2 51
1 67
8 24
5 19
9 19
3 24
9 72
4 22
1 25
8 51
6 83
6 79
9 65
4 89
8 87
7 88
10 9
2 97
8 7
6 35
8 70
8 86
2 50
5 58
8 47
7 83
5 6
6 44
10 18
10 23
7 27
9 43
3 86
3 60
1 1
4 6
10 28
5 53
6 55
1 40
5 79
4 67
5 10
5 24
4 15
2 92
1 31
6 74
5 47
7 38
7 28
7 30
7 28
7 71
9 8
8 47
2 63
5 23
8 3
8 89
10 31
9 20
3 76
7 95
1 65
6 83
7 22
2 94
4 27
1 54
9 33
5 48
6 88
9 38
6 48
7 14
2 58
1 62
7 41
8 6
9 74
2 86
8 95
5 23
1 24
1 33
6 64
4 29
8 83
4 30
7 85
1 60
3 8
10 18
4 96
9 75
9 94
4 22
3 17
10 33
3 92
10 99
1 98
5 91
3 34
6 17
9 35
8 35
10 59
4 52
8 36
7 83
9 95
9 39
9 56
5 21
2 91
7 39
4 38
5 62
7 3
10 27
5 66
4 21
1 21
9 51
1 100
4 75
6 47
2 57
6 12
6 88
10 5
3 15
10 77
10 81
3 53
3 3
2 40
10 67
10 7
8 75
5 49
2 46
3 36
8 98
4 93
9 99
3 64
2 55
10 44
5 45
7 32
2 17
1 50
6 53
3 79
3 61
6 70
6 44
6 85
2 12
4 82
5 75
7 62
6 26
9 5
3 91
8 74
9 62
5 65
1 85
6 76
9 86
1 33
6 82
4 43
7 24
9 25
7 98
6 24
5 63
10 16
6 40
10 49
3 71
4 63
5 83
9 34
10 78
2 91
3 90
3 5
10 73
5 23
5 2
7 16
5 21
8 46
4 53
10 39
9 79
2 53
2 2
10 57
7 78
10 53
10 69
2 88
8 54
9 47
9 26
3 89
5 94
7 57
8 35
3 73
4 23
2 94
10 35
9 58
6 42
3 65
7 22
6 29
3 38
4 89
10 92
7 97
5 71
7 4
1 78
6 54
6 18
10 88
8 49
8 5
3 98
6 34
3 64
1 20
1 48
2 48
3 100
5 59
6 98
9 11
9 71
9 6
2 31
5 47
9 80
6 35
9 72
8 46
5 85
7 36
7 91
6 26
5 7
4 67
5 4
3 24
3 7
2 50
5 68
3 0
3 7
5 82
1 38
4 89
10 98
1 53
5 14
9 8
8 79
5 5
4 93
1 28
5 22
10 18
7 49
1 39
8 95
1 78
8 45
4 1
1 91
6 25
1 57
10 57
1 9
7 14
7 12
9 96
3 17
2 28
7 67
10 90
4 4
1 57
4 89
2 79
5 15
1 64
3 68
2 3
10 57
10 38
4 42
10 78
9 51
10 34
9 33
6 93
10 16
8 94
6 50
10 17
2 28
3 15
7 91
10 32
5 4
3 73
10 97
2 15
2 44
2 64
2 55
5 53
7 81
1 91
4 74
5 47
4 46
1 2
6 17
7 68
7 55
1 41
7 11
7 15
10 74
2 83
5 15
4 2
8 84
4 36
7 65
9 27
3 12
5 36
6 21
6 21
5 82
2 35
1 97
10 85
10 57
3 4
5 41
2 53
4 4
1 50
1 47
8 33
9 6
3 8
9 100
2 56
7 6
10 65
3 2
2 66
7 13
6 22
1 88
10 81
2 8
10 62
9 41
5 16
5 30
9 51
4 85
6 73
8 20
6 48
1 67
1 3
8 30
3 19
2 13
10 56
4 91
8 17
9 17
7 10
8 40
1 28
10 34
9 68
3 34
2 12
6 18
6 77
4 11
7 30
2 2
5 68
7 40
8 79
7 29
10 41
5 66
7 77
1 10
8 81
6 36
4 80
2 99
5 60
3 72
7 22
9 11
5 8
2 7
8 39
4 14
3 30
6 45
7 16
6 3
9 58
1 59
3 11
2 81
3 63
1 44
10 23
8 25
4 9
3 29
2 33
4 89
3 54
7 79
7 50
2 35
9 30
4 89
1 44
5 26
6 14
4 34
3 3
4 21
4 71
6 91
4 66
7 59
4 68
7 19
2 50
4 89
4 6
9 6
3 88
8 97
5 32
7 46
7 82
1 47
7 36
7 8
5 87
7 63
5 44
9 76
3 87
4 8
8 81
8 56
9 72
1 71
9 95
2 79
10 5
7 83
5 62
5 74
10 80
6 61
4 89
2 45
1 36
5 8
4 95
8 31
3 18
5 9
3 62
9 20
10 43
4 35
10 86
3 19
5 29
7 67
3 90
3 97
6 37
10 30
6 79
8 42
3 66
6 11
4 65
9 57
3 72
8 31
4 7
5 77
10 22
2 98
7 93
2 95
10 33
3 21
10 37
2 94
10 27
3 86
7 94
4 85
2 1
1 34
3 39
3 88
3 55
9 90
4 34
9 84
4 10
8 34
10 24
4 54
2 43
1 13
8 30
2 20
5 0
1 2
6 93
10 89
8 88
8 74
5 90
6 5
2 81
9 34
2 9
6 48
10 26
4 16
10 60
1 96
5 17
3 91
3 19
7 40
1 39
6 3
9 92
5 42
4 2
2 84
6 79
2 80
2 63
5 64
3 100
5 49
1 66
7 67
2 31
9 27
4 15
10 29
6 7
2 87
6 18
9 81
9 64
7 66
3 90
5 58
8 85
6 67
7 65
2 88
4 66
8 23
4 37
2 80
5 40
10 56
5 54
10 46
2 41
10 68
5 66
7 23
9 66
5 82
6 61
3 26
4 45
10 31
9 3
4 90
3 33
8 100
3 97
6 36
9 87
2 52
3 43
6 44
2 60
3 90
3 88
5 78
9 100
2 87
8 42
1 48
7 51
4 85
2 90
4 11
5 9
4 45
8 12
8 39
2 30
3 14
3 13
2 15
9 61
5 67
6 20
6 58
8 32
4 83
7 98
5 97
6 37
6 19
5 55
9 25
3 99
5 68
9 5
9 7
9 67
7 65
10 79
8 37
7 86
4 76
2 75
7 2
5 27
5 69
4 50
2 84
9 11
7 26
6 37
6 32
5 50
4 70
2 61
9 91
4 35
6 43
10 69
10 8
8 9
6 73
9 33
7 72
8 0
6 53
1 37
1 38
5 35
4 78
4 30
4 89
4 53
1 76
2 100
10 96
4 20
3 70
2 60
2 85
9 17
3 79
7 12
7 6
9 20
9 21
5 69
7 52
8 74
2 89
4 74
3 48
2 85
10 16
5 80
5 83
4 55
4 2
3 67
3 73
7 43
7 24
2 91
2 6
6 21
9 76
6 64
6 84
4 8
10 25
10 89
1 94
10 69
10 90
2 67
8 51
6 84
9 8
10 73
1 2
6 22
5 29
9 68
1 35
7 85
4 68
8 28
1 56
7 32
1 95
9 10
3 64
10 38
3 53
3 16
1 57
2 43
7 27
5 62
1 62
4 45
7 92
5 77
4 50
10 38
10 62
4 43
9 12
1 78
3 65
6 24
7 79
8 21
6 50
3 33
4 4
7 69
5 81
6 84
7 38
9 57
9 7
6 34
1 7
1 45
4 3
7 3
2 83
1 49
8 5
10 33
2 23
6 33
4 17
1 93
4 8
2 26
1 53
5 36
4 4
10 93
3 39
4 28
3 7
4 68
5 99
8 38
5 74
10 41
8 37
10 47
5 27
6 24
4 18
3 35
4 61
9 18
8 43
10 84
5 14
8 48
8 58
1 76
5 86
7 35
8 81
7 29
5 12
8 26
4 26
2 65
5 51
10 8
7 3
2 4
1 68
2 92
10 37
4 2
5 49
2 83
9 32
7 28
4 49
6 57
4 35
10 98
5 27
4 55
2 18
6 20
5 42
3 24
6 97
7 59
5 49
7 5
8 89
3 1
4 24
5 10
4 0
1 88
6 0
10 45
7 84
7 91
10 66
2 18
1 94
2 44
6 12
8 46
10 34
8 56
6 18
1 51
1 8
7 92
2 39
5 71
5 72
6 21
5 39
1 16
8 88
1 27
7 20
8 53
7 85
3 53
4 33
5 76
4 45
2 43
5 23
4 35
6 81
5 22
9 15
7 26
4 84
3 22
2 93
5 51
10 2
7 51
5 54
8 51
8 18
9 23
8 63
7 10
9 3
9 15
9 3
3 47
5 40
2 92
3 78
4 14
8 37
1 92
4 36
5 76
10 7
2 49
8 54
1 18
3 84
4 41
5 9
8 15
2 17
7 1
9 19
6 62
5 12
4 26
4 27
3 15
9 82
6 12
8 35
8 15
1 88
2 50
2 51
1 51
9 47
2 28
2 86
1 20
2 15
7 83
9 34
9 10
2 36
1 24
4 93
9 43
6 61
10 41
7 31
10 64
8 67
5 39
1 92
2 97
10 40
6 76
2 3
2 52
6 28
3 85
8 45
6 71
6 65
8 33
5 70
8 89
1 17
4 15
7 13
7 58
8 99
8 22
7 99
4 14
10 85
6 70
9 62
9 45
7 2
6 94
1 79
2 43
8 1
2 72
9 83
2 15
5 25
1 73
8 65
5 41
8 46
9 94
5 37
7 64
1 91
3 49
9 48
7 85
9 13
7 37
7 74
7 53
4 8
9 97
2 63
3 41
7 66
5 11
4 87
4 50
2 43
2 45
1 61
9 81
8 31
6 39
1 71
6 25
7 75
7 68
1 42
8 25
2 59
4 79
7 86
3 85
8 77
9 38
3 56
10 30
4 79
9 23
7 100
6 16
6 95
6 54
1 16
8 28
7 37
4 35
10 63
4 61
5 46
6 93
1 4
9 13
9 26
4 92
8 12
10 73
6 79
7 33
1 100
7 5
2 0
10 81
7 56
4 12
2 51
1 99
7 11
4 52
5 89
2 35
6 73
3 53
1 12
6 23
1 13
6 74
7 63
8 19
2 5
8 93
3 2
7 54
4 14
10 83
2 70
6 64
9 43
3 70
10 87
6 76
9 40
8 18
10 20
5 4
3 56
2 34
5 79
1 6
2 6
3 5
8 89
5 21
8 9
8 50
3 81
5 73
3 4
10 44
6 72
7 99
2 13
7 49
8 48
7 2
1 47
10 31
3 31
9 86
3 79
8 3
10 78
1 9
5 30
9 57
3 88
2 29
1 10
8 62
2 66
2 97
4 39
7 71
1 9
6 96
2 27
1 2
1 30
8 22
3 91
6 84
9 18
7 17
8 86
2 72
5 10
2 98
8 82
2 0
5 33
10 99
8 42
8 35
6 72
5 2
1 40
3 61
8 50
2 34
2 22
2 62
7 59
7 64
7 27
7 46
3 40
4 31
5 82
4 35
9 49
10 56
10 5
5 94
4 47
10 10
4 13
9 19
5 50
6 55
1 78
9 64
1 70
1 3
3 67
2 19
2 17
9 88
2 41
6 21
6 49
2 77
3 47
1 63
3 71
4 14
6 76
5 8
10 30
8 16
1 67
1 41
3 97
2 20
5 13
3 34
2 82
10 43
5 27
6 47
7 74
3 6
8 50
1 77
5 16
7 74
2 68
9 20
9 78
5 38
3 75
8 6
6 89
1 97
6 99
2 50
5 90
7 69
2 79
7 62
3 7
9 70
9 31
5 26
3 62
3 32
10 71
4 71
7 16
2 7
3 15
10 2
9 17
9 3
4 11
6 48
6 30
2 89
1 53
6 54
6 34
7 2
2 63
1 19
2 91
10 72
5 23
8 62
1 78
7 86
7 55
5 25
1 26
10 35
7 98
8 34
3 75
7 95
5 92
5 4
6 37
9 48
1 69
3 85
6 9
3 64
5 72
10 39
4 22
7 82
7 54
9 45
6 52
2 10
1 32
1 56
4 91
3 52
4 85
1 82
4 43
9 49
6 85
2 81
10 37
9 27
3 61
4 48
5 56
5 3
9 27
1 94
3 66
8 1
5 93
5 54
5 82
7 97
3 9
4 70
10 70
8 84
8 76
8 30
8 70
2 92
6 98
8 72
2 85
7 1
2 5
9 70
5 67
7 27
7 84
3 32
10 100
3 37
8 14
7 60
9 13
8 71
7 27
9 67
10 67
3 92
9 64
3 11
1 17
4 26
9 99
7 6
8 34
1 52
10 100
6 50
2 8
4 4
3 64
9 49
9 78
9 44
2 43
8 21
2 53
1 95
7 53
8 96
7 64
2 27
1 17
2 72
8 18
5 99
5 8
6 43
1 10
6 68
6 42
7 26
3 56
10 52
7 74
6 69
7 33
9 41
6 15
2 25
4 58
5 3
8 99
10 15
4 20
4 34
1 11
7 67
6 16
10 31
8 33
10 63
2 9
1 85
1 67
4 13
5 74
8 38
10 84
8 98
1 19
7 15
3 62
9 13
5 78
6 50
9 47
5 78
10 52
6 45
2 78
6 38
1 79
8 67
2 22
6 85
1 24
5 18
10 60
7 74
1 49
2 44
1 46
4 70
1 2
4 7
6 67
3 59
7 94
6 2
10 10
7 80
3 15
1 89
9 33
8 33
6 7
2 85
7 100
7 86
7 36
1 17
2 18
1 93
5 65
4 91
6 47
3 7
7 15
6 87
10 47
4 24
5 27
3 50
2 63
7 73
8 57
2 66
3 46
7 10
8 37
3 68
5 95
6 78
1 0
2 56
6 73
9 3
6 96
6 35
4 52
5 88
7 7
4 23
5 57
7 18
7 63
6 79
5 62
8 95
9 26
10 69
3 26
5 21
9 55
6 14
4 68
8 72
1 62
8 10
1 54
8 72
8 80
9 75
10 28
5 50
2 95
8 17
5 22
1 86
3 15
3 22
3 15
3 52
4 56
6 59
4 31
2 72
1 55
4 86
3 26
6 11
9 59
6 40
2 94
10 9
2 15
1 76
1 23
2 22
6 8
10 26
9 88
5 1
10 21
1 80
3 51
9 10
5 47
10 16
7 35
5 2
8 50
10 27
7 86
6 50
5 95
8 3
3 60
7 66
3 45
2 76
7 49
9 49
9 96
10 14
5 2
3 8
2 71
8 11
7 14
6 53
4 0
6 28
8 88
8 35
6 84
8 42
2 5
5 16
5 13
8 36
7 51
8 100
5 99
8 14
5 54
6 37
8 93
2 14
8 32
10 93
7 52
8 29
2 96
3 2
1 63
5 3
10 78
2 10
1 26
1 42
5 9
10 48
4 21
9 48
2 2
9 99
6 77
7 42
6 51
9 26
5 34
5 10
7 55
9 37
7 76
7 51
1 90
7 33
3 39
4 55
6 8
10 76
10 17
4 80
8 74
2 3
5 87
8 86
6 82
1 39
5 91
5 68
9 80
5 50
1 92
6 77
4 51
1 19
2 38
8 24
7 52
2 62
1 17
3 37
9 87
1 25
8 27
6 82
4 49
4 55
3 40
7 97
9 9
7 34
6 78
1 0
4 47
3 20
5 70
6 50
1 85
6 45
10 37
10 82
3 1
1 13
8 70
1 57
8 10
2 52
10 60
6 71
5 59
8 51
4 64
10 30
4 65
8 34
10 38
2 60
9 10
3 53
8 37
3 4
10 72
4 13
10 81
5 17
5 38
1 35
1 85
8 10
4 24
4 88
2 17
4 79
1 38
4 92
5 12
8 62
4 92
1 29
9 37
8 5
8 32
3 79
1 44
1 33
7 61
9 74
9 22
5 36
10 50
10 45
2 95
8 4
4 60
2 78
10 63
2 3
1 31
10 26
7 9
4 6
6 85
5 23
5 95
3 25
2 25
10 31
3 52
9 46
9 74
4 34
2 64
7 92
4 85
4 5
1 77
6 55
5 10
4 99
8 83
9 43
6 53
3 97
8 70
10 58
7 31
2 52
4 11
9 68
5 38
5 4
5 27
5 24
7 42
5 38
6 21
1 41
4 66
6 39
5 84
3 53
4 9
9 100
1 44
2 94
1 17
5 100
6 18
6 31
10 99
5 93
7 15
2 96
10 75
6 82
1 18
4 35
5 87
8 50
3 3
3 10
7 11
4 39
9 46
3 18
10 54
7 12
10 73
4 11
2 0
7 30
10 6
8 11
4 99
8 87
2 98
7 43
6 10
3 19
1 51
9 53
6 43
9 23
9 58
8 84
1 82
5 36
8 46
3 57
4 3
6 64
4 16
1 58
4 3
5 14
5 72
4 8
10 71
8 16
1 94
1 23
2 43
8 63
7 46
7 30
7 73
1 2
9 48
9 47
10 91
5 74
7 79
1 27
7 15
8 89
7 33
4 42
3 35
10 28
9 49
3 10
2 93
4 49
1 5
5 35
2 3
5 42
5 29
3 69
1 35
10 51
6 83
2 70
10 21
5 55
2 49
4 51
5 38
1 39
4 40
3 82
10 8
9 79
5 94
3 14
3 35
5 46
5 37
3 58
8 9
6 87
10 43
6 81
2 37
2 5
1 10
2 46
4 61
1 63
8 32
3 67
3 26
2 68
4 75
1 40
8 46
5 50
3 24
6 3
8 51
5 16
8 11
7 27
5 64
5 37
9 50
9 20
6 72
3 21
4 90
7 98
5 26
4 29
8 98
2 52
2 79
6 31
2 97
4 37
10 35
9 73
9 47
4 72
7 67
5 84
4 16
4 55
6 82
8 27
4 81
5 71
9 49
4 92
10 62
4 8
3 66
5 34
1 82
2 66
2 72
6 96
4 28
8 67
4 29
8 18
7 55
1 81
2 41
10 59
2 12
1 14
1 47
2 31
1 39
3 75
4 20
10 57
9 74
6 70
1 16
5 50
8 11
2 89
8 87
7 54
5 28
9 93
5 10
1 81
5 22
3 82
4 68
7 27
4 56
4 78
9 49
4 36
9 65
5 88
8 76
4 85
7 76
10 2
5 50
10 83
1 95
7 98
6 81
3 88
3 81
7 37
2 51
2 15
8 87
4 73
5 19
8 54
8 38
2 16
6 2
3 16
3 69
5 28
2 51
10 11
1 64
2 23
1 31
4 12
9 61
6 1
7 91
7 27
1 100
10 49
8 53
3 60
10 91
7 96
7 75
8 52
1 26
10 29
2 22
7 50
10 49
10 82
1 64
3 17
4 5
8 83
1 69
4 68
9 29
9 57
8 75
3 64
2 13
9 96
3 47
9 32
8 91
5 12
1 62
9 68
5 94
10 61
9 17
7 12
8 3
2 4
9 69
6 13
3 73
10 69
1 69
4 16
9 3
9 13
6 93
10 3
5 78
7 5
6 27
9 35
7 54
8 39
10 13
5 72
8 100
7 15
7 78
7 45
5 29
2 25
4 50
8 10
2 12
10 59
7 82
6 96
6 12
10 76
5 30
5 92
6 74
2 65
6 79
2 14
1 27
8 13
9 8
7 88
4 17
9 62
8 54
1 40
9 26
5 70
3 10
6 41
7 33
4 31
9 17
7 76
7 97
10 95
6 66
1 99
3 42
8 33
7 81
8 33
2 8
1 58
8 62
8 33
8 73
8 75
10 38
10 15
10 2
10 89
4 16
4 15
10 50
9 18
3 15
7 44
9 57
3 56
10 84
1 43
10 56
7 80
10 95
7 62
7 38
7 98
1 39
4 65
6 64
9 51
3 89
10 30
4 84
9 4
2 44
10 58
8 19
8 66
2 29
4 77
3 50
7 48
3 70
9 6
1 16
2 59
1 72
5 91
3 55
7 95
2 26
8 13
8 44
5 21
8 96
4 78
7 4
8 61
3 13
1 7
1 0
1 100
9 86
1 30
3 96
4 98
7 70
6 73
3 5
6 35
8 44
6 44
3 6
8 89
8 39
9 88
7 38
7 73
5 94
5 81
6 87
10 63
8 60
5 32
9 73
1 25
4 71
7 47
1 75
6 60
9 49
1 59
2 20
1 67
6 45
1 63
3 71
1 4
5 90
7 15
1 30
6 88
9 50
10 1
3 18
10 65
5 67
10 1
6 21
8 14
8 39
8 6
10 83
10 63
1 26
4 30
7 41
2 43
9 26
7 23
5 96
4 47
6 18
10 17
8 16
4 79
8 91
1 12
2 32
6 46
2 59
4 46
7 65
4 96
10 73
2 85
9 3
6 17
6 70
6 9
4 18
5 46
7 17
8 97
10 50
1 72
5 32
9 56
6 39
8 28
3 96
5 10
10 41
5 4
1 56
1 73
10 38
7 49
3 3
3 88
5 23
4 76
10 86
10 73
4 16
5 87
10 51
3 63
9 22
8 9
4 34
2 70
6 17
3 66
8 77
4 80
2 28
7 58
9 25
7 20
7 19
4 97
6 85
9 74
1 39
4 3
2 29
1 79
6 36
10 4
1 49
10 9
2 3
8 46
2 15
6 0
7 37
4 72
10 30
7 48
1 93
3 92
4 38
1 39
1 87
3 83
8 87
7 3
8 62
8 40
6 28
6 31
3 34
2 50
4 46
10 58
7 26
1 70
6 55
3 92
2 81
1 86
9 6
6 100
8 38
5 1
9 75
2 29
10 85
7 75
2 9
4 7
3 69
5 88
3 99
4 97
6 81
2 83
8 31
8 73
4 46
5 7
4 96
9 12
6 100
3 99
7 89
10 50
3 26
5 84
5 32
7 61
8 18
3 18
5 71
3 96
5 44
9 72
2 33
3 39
9 45
5 22
3 52
5 76
9 44
7 11
6 37
5 99
5 75
4 99
6 93
6 4
4 3
6 79
6 40
1 33
2 3
10 86
5 78
3 91
8 61
5 86
4 18
7 12
9 64
5 10
1 31
8 81
8 60
6 74
6 22
2 90
7 11
9 20
3 24
7 34
5 31
5 52
8 84
8 5
5 22
4 13
3 48
10 46
10 44
6 45
7 10
10 67
2 22
6 81
4 14
6 75
2 12
3 78
9 54
7 25
7 75
3 32
3 34
9 44
8 22
3 49
9 45
1 10
6 48
10 68
1 82
5 40
9 14
9 33
4 43
2 80
7 46
3 58
8 48
2 17
8 97
1 55
10 84
5 11
4 9
8 22
6 24
3 26
1 33
5 68
4 11
4 89
6 58
7 24
10 41
4 50
5 99
4 70
6 47
8 37
5 43
2 31
3 43
6 61
9 90
6 74
6 32
1 19
8 38
4 76
10 23
3 10
7 28
1 87
7 45
1 1
3 59
10 2
10 65
1 21
6 86
8 63
4 71
5 95
8 29
1 14
9 78
6 0
1 55
6 25
9 24
2 84
8 75
4 53
1 7
6 37
9 30
10 50
4 92
7 53
6 54
5 98
3 4
8 1
10 50
6 19
1 59
3 92
1 86
2 73
7 97
7 64
8 11
4 22
1 4
4 28
6 41
3 85
8 52
6 57
4 52
9 97
3 49
8 49
4 82
4 1
7 23
3 2
7 27
9 28
4 92
1 75
8 61
7 9
2 92
4 72
4 68
1 50
3 54
7 46
4 9
9 22
4 54
5 12
6 93
2 100
7 11
1 15
2 95
2 9
10 51
1 76
4 69
3 82
5 38
4 5
10 64
3 89
9 42
6 7
3 2
1 43
7 15
6 44
4 17
9 27
4 8
2 14
6 5
3 74
7 6
7 29
10 6
1 41
8 50
1 38
4 21
1 32
7 65
1 52
10 74
5 89
8 27
7 51
8 76
6 86
2 79
4 6
8 2
3 23
8 79
1 9
4 71
5 30
1 54
1 9
8 23
10 77
1 59
2 89
4 88
1 42
9 84
8 27
4 37
5 56
2 57
2 39
7 27
8 14
9 42
4 52
6 11
2 92
1 10
4 80
8 21
7 9
2 96
3 78
1 5
8 82
6 74
9 4
8 94
10 93
8 11
6 54
7 9
5 32
1 63
10 11
1 93
1 42
8 38
2 37
6 47
2 32
3 75
6 84
5 23
4 3
3 18
8 75
3 93
7 87
2 39
1 0
8 0
7 35
6 65
1 80
6 12
1 30
9 23
5 81
1 92
2 72
4 41
5 61
7 71
4 53
8 38
4 3
6 5
4 87
1 77
10 45
3 25
8 16
6 49
8 78
5 26
10 93
8 32
4 15
3 98
2 82
2 68
7 96
9 81
10 62
7 95
6 59
4 66
10 78
5 51
9 42
3 59
4 50
6 55
7 14
4 53
6 21
7 91
1 64
7 55
6 68
6 59
1 40
5 23
9 7
6 78
10 49
2 32
1 87
4 46
5 28
2 11
2 81
2 60
7 10
9 73
4 14
2 76
5 32
7 33
3 10
10 97
3 42
10 46
9 16
1 72
10 36
4 6
5 47
1 87
9 99
4 59
6 17
9 90
4 92
5 17
7 40
5 84
6 100
7 28
9 73
8 100
5 69
7 52
3 91
2 59
8 98
6 31
2 14
7 24
10 69
7 96
8 14
10 98
9 49
6 96
6 2
7 63
5 17
6 95
6 43
9 100
7 27
2 67
7 88
3 35
1 12
5 100
9 16
9 66
9 47
5 78
2 69
7 95
8 79
9 39
8 6
3 33
7 19
2 91
7 75
7 23
7 33
8 37
9 67
8 84
1 61
8 29
8 29
3 78
4 87
2 97
3 48
9 5
4 72
6 44
4 3
8 10
5 14
4 41
8 24
1 2
3 73
3 11
3 27
2 71
1 57
2 39
2 80
9 33
2 33
1 17
7 85
5 51
2 38
9 34
10 12
7 51
2 4
9 22
5 77
3 62
5 98
3 6
8 50
3 21
8 51
9 45
1 93
10 10
4 93
10 19
4 4
6 32
1 24
1 14
6 33
3 67
7 73
1 70
8 40
10 79
5 6
4 100
8 72
9 6
1 90
3 60
5 39
2 47
4 69
5 26
10 53
7 8
6 28
5 55
1 41
9 10
4 50
9 93
4 98
8 59
8 4
9 26
8 18
4 57
2 94
6 34
5 70
10 66
7 29
2 69
5 98
4 58
10 12
4 97
3 37
6 21
1 97
10 91
10 58
7 65
9 32
1 2
4 48
7 70
7 86
5 58
8 44
10 64
7 79
2 26
1 24
10 59
6 84
10 34
3 96
8 70
7 25
9 26
3 16
4 98
2 66
2 71
8 31
10 57
2 68
8 4
2 13
6 74
6 53
1 81
10 28
1 99
4 90
6 66
10 52
7 30
3 54
1 47
1 41
9 81
4 95
8 1
8 69
6 82
3 8
8 55
5 54
3 8
8 47
3 32
8 55
6 94
7 56
6 100
2 5
5 72
2 23
9 84
10 58
7 1
1 52
9 56
3 83
8 69
10 66
7 51
3 23
7 3
2 30
1 95
2 69
2 32
9 70
1 94
4 23
6 98
8 52
3 16
5 43
8 30
5 80
9 63
3 84
2 2
6 91
2 9
10 29
7 88
9 67
10 32
4 82
1 61
5 58
5 23
8 70
10 29
5 2
1 23
10 93
2 93
4 13
9 33
3 37
1 52
10 37
8 31
7 49
8 60
6 82
10 98
10 29
1 76
8 52
7 77
4 0
8 99
10 64
10 69
2 16
3 94
1 63
10 97
1 6
6 30
4 29
10 26
10 52
4 7
10 40
3 27
7 6
1 49
5 23
1 5
4 39
5 95
2 75
8 41
1 39
9 83
6 2
1 76
5 7
9 62
8 81
5 68
5 34
8 25
5 90
10 93
9 30
9 9
3 65
7 37
7 98
5 23
10 39
7 58
8 39
4 87
10 61
9 39
1 98
9 78
8 6
9 52
1 3
6 73
7 47
4 65
5 11
10 32
8 61
3 74
6 55
3 35
8 75
10 17
6 16
8 62
2 66
7 20
10 5
5 84
1 24
6 9
7 73
7 76
8 23
9 38
4 97
10 100
3 63
5 53
9 64
5 42
6 95
1 24
2 92
10 87
7 100
5 69
6 31
6 35
6 76
7 27
3 83
7 78
2 45
3 27
6 2
5 46
9 78
6 0
9 78
10 53
1 39
6 76
6 76
10 83
9 2
4 9
6 22
7 38
7 33
1 33
10 60
7 43
2 45
4 15
3 48
8 39
7 69
10 21
2 25
3 0
10 86
6 32
10 79
8 17
2 72
4 40
7 45
5 55
7 84
5 4
3 8
6 71
1 71
9 36
7 9
8 16
2 91
1 98
5 27
10 74
9 19
6 93
2 47
4 97
4 41
5 35
1 56
5 81
1 30
2 36
5 95
5 24
1 62
5 4
2 70
8 39
6 28
7 36
8 96
6 74
7 76
9 39
6 77
2 78
2 5
8 55
9 22
4 36
7 78
6 31
7 25
10 73
5 38
5 13
2 9
4 27
3 29
7 69
7 93
4 31
10 73
3 54
10 34
4 29
4 45
9 91
9 39
2 46
5 97
8 96
8 100
1 9
6 76
6 24
1 75
7 32
1 80
1 37
3 73
9 33
10 54
6 28
6 7
1 60
4 51
2 21
2 17
7 9
9 8
9 10
1 20
3 29
7 52
1 93
2 88
3 95
3 45
2 51
4 46
4 18
7 89
8 20
9 24
7 25
9 90
7 70
6 42
10 72
3 51
7 39
8 28
3 36
3 8
10 41
5 91
3 63
7 2
4 63
3 1
7 32
8 34
5 54
5 19
7 90
2 71
6 42
4 64
6 97
9 49
6 76
2 80
5 9
3 68
5 57
6 57
7 87
8 43
4 77
5 41
7 84
8 59
2 7
4 35
5 8
9 62
3 93
8 4
6 68
9 78
10 95
4 2
5 4
6 13
8 93
6 70
5 92
5 86
7 10
1 88
9 21
5 64
4 23
9 4
8 54
5 82
6 26
10 8
1 40
5 8
1 4
2 87
10 6
9 21
10 88
7 96
4 85
5 88
10 92
3 54
2 34
10 71
1 82
4 88
10 98
1 97
6 48
5 15
10 38
4 14
6 80
4 96
3 4
9 70
7 36
10 12
5 52
2 47
4 80
3 41
4 33
7 60
6 50
8 65
5 6
9 85
4 48
9 55
5 17
1 74
8 100
1 38
7 66
3 22
5 8
8 93
6 47
5 68
7 16
2 1
2 22
4 18
3 42
6 12
6 23
10 20
2 97
9 24
6 0
8 96
8 50
6 0
9 25
2 72
1 11
3 34
5 76
1 20
6 40
4 75
9 75
7 6
4 44
4 64
5 73
6 99
5 60
8 55
5 7
6 76
6 5
9 17
9 17
6 82
3 78
7 23
1 74
6 4
4 97
3 19
7 98
9 63
5 32
3 70
1 65
9 36
4 68
2 70
4 97
2 17
5 75
4 18
3 79
9 86
8 51
3 49
5 48
5 12
1 27
2 60
3 24
3 76
3 88
6 19
7 18
3 91
7 35
5 7
1 56
1 10
3 13
10 14
10 26
6 41
4 67
8 2
4 59
5 45
1 40
2 7
9 85
10 80
3 100
4 64
9 57
6 27
8 17
1 14
9 45
2 31
5 59
10 69
1 69
8 43
10 26
5 92
3 53
4 32
5 50
4 46
8 80
4 51
6 62
3 97
10 85
6 32
2 29
7 81
9 60
2 65
8 13
9 17
10 78
9 75
9 75
7 52
6 19
5 68
3 64
3 55
2 19
3 23
7 26
2 10
9 17
5 71
9 98
9 28
4 66
6 69
1 39
5 76
10 71
8 7
5 54
5 8
10 73
5 1
7 39
4 3
10 57
2 36
9 78
3 3
5 0
2 26
3 21
6 72
4 82
9 20
10 41
9 27
1 37
9 35
6 92
6 61
7 28
1 100
6 83
3 18
2 3
10 92
10 48
5 100
2 71
9 24
10 0
3 10
1 58
8 44
10 80
5 67
6 9
2 11
1 14
3 69
1 5
1 39
7 47
7 87
9 48
7 51
10 87
4 52
7 89
7 55
3 46
5 44
6 8
7 98
5 91
6 70
10 89
10 20
10 58
6 80
7 94
3 83
5 38
3 95
7 18
8 26
4 18
10 54
2 73
9 37
6 78
6 72
3 31
6 27
7 99
5 4
10 38
10 89
6 36
7 85
8 72
6 28
2 77
3 61
3 48
3 20
7 71
9 20
3 69
5 61
3 42
4 38
5 16
5 64
7 53
8 19
10 27
5 29
9 64
4 20
7 98
4 93
8 63
9 91
9 56
3 40
6 81
1 20
4 62
9 81
7 11
4 5
4 100
1 26
3 44
2 60
6 19
9 2
2 33
5 51
1 78
1 47
1 56
9 2
4 16
9 27
5 59
6 95
2 59
7 67
7 46
3 64
5 62
9 84
10 14
6 89
9 31
2 16
5 16
7 80
1 69
1 64
10 89
6 8
6 40
10 14
1 4
9 65
9 35
1 69
5 30
9 60
3 33
5 35
4 49
1 97
5 91
4 11
6 84
10 87
5 22
10 67
1 31
9 55
2 74
7 33
3 93
1 2
3 94
2 41
4 76
4 40
6 1
4 39
4 86
6 82
7 26
3 13
2 53
9 72
8 93
7 0
4 29
4 30
2 2
4 68
8 75
7 49
4 46
6 98
3 86
5 1
6 1
8 21
8 87
7 1
9 90
4 58
8 100
9 25
5 65
5 42
2 25
2 24
10 71
7 31
8 58
2 53
9 72
8 37
5 21
6 86
8 78
2 71
4 47
5 37
8 56
4 61
7 40
3 15
7 45
5 22
1 83
1 9
7 65
4 70
4 27
5 5
10 67
7 15
4 13
5 62
2 57
4 99
2 0
5 85
7 40
8 39
10 98
7 17
3 4
5 26
4 90
4 93
4 93
1 10
2 91
2 5
8 23
8 25
5 58
9 45
2 27
8 22
7 21
2 73
8 50
2 42
1 62
5 81
2 35
1 86
7 75
9 28
3 43
8 83
10 74
2 17
5 11
9 9
7 0
4 22
6 96
3 59
2 68
2 59
5 19
6 65
1 26
1 99
3 47
2 98
5 25
1 68
9 67
7 87
2 1
3 48
1 77
10 27
9 69
7 78
4 46
10 96
3 3
3 36
1 100
4 93
4 80
2 62
5 60
8 45
3 49
7 30
3 39
1 32
7 48
8 45
10 5
3 18
2 54
10 26
5 85
4 4
3 29
4 4
3 83
4 95
7 96
6 48
2 87
3 92
2 58
7 0
2 87
4 16
5 67
5 40
9 60
3 13
8 35
4 11
8 31
8 16
7 27
7 45
1 24
3 91
2 62
7 32
9 53
8 44
3 22
4 27
10 42
6 53
2 52
1 35
9 27
1 38
8 9
1 25
2 4
4 8
6 4
7 9
6 44
2 90
2 54
2 98
4 0
4 17
5 96
3 9
3 64
10 86
9 8
2 94
2 59
6 98
2 93
7 27
2 50
2 34
6 29
5 78
10 48
7 31
4 100
3 73
9 81
8 9
7 90
9 30
4 32
9 96
5 10
2 13
4 27
3 65
6 13
1 68
10 40
3 61
8 12
6 77
3 85
4 53
3 38
8 97
2 0
2 70
7 93
7 33
7 79
9 96
7 37
9 65
3 36
10 74
9 73
10 1
4 51
5 68
4 67
5 9
10 57
8 24
3 70
9 26
7 55
9 84
8 8
5 29
1 92
7 46
1 100
3 48
8 70
3 87
7 32
1 3
4 40
5 36
2 76
5 30
9 20
6 76
3 24
4 76
6 23
4 87
10 64
6 89
5 21
1 53
8 76
2 57
4 2
1 34
1 60
5 53
6 2
3 32
3 46
3 3
5 38
7 26
4 28
9 18
10 77
7 23
2 46
10 32
7 0
9 32
4 54
3 98
7 99
3 80
8 5
3 45
6 42
9 83
10 29
8 68
8 14
1 22
3 11
5 9
1 4
1 80
3 64
7 79
6 41
7 48
9 75
4 63
2 21
7 26
2 70
5 67
4 69
7 26
7 66
8 87
3 75
4 86
1 4
6 26
4 25
5 73
3 69
10 38
6 13
2 1
8 23
8 11
5 97
10 33
7 40
1 71
5 14
9 37
8 77
9 82
9 63
7 76
10 89
10 92
6 78
7 57
9 39
1 37
8 61
3 34
1 95
7 61
3 96
4 53
5 73
4 52
7 71
8 5
9 31
5 11
3 33
9 50
9 86
6 7
6 10
1 17
5 9
6 21
10 9
9 0
8 10
4 14
5 86
6 78
1 98
1 4
7 88
4 64
6 40
7 59
9 59
6 21
1 7
6 13
5 37
7 83
4 4
7 74
1 56
5 13
8 18
3 21
6 70
7 2
2 8
4 89
9 33
8 87
1 18
1 87
4 31
7 83
6 18
10 57
3 65
3 61
7 55
1 51
9 33
1 89
10 89
6 39
10 26
8 29
2 22
9 53
3 65
7 67
7 8
3 33
8 31
7 2
7 79
1 18
4 36
1 10
5 13
5 100
4 90
4 65
7 3
4 70
4 30
8 37
10 14
9 55
5 47
7 32
1 46
9 35
3 84
4 78
8 19
9 9
4 19
10 30
2 66
1 17
4 27
7 45
1 6
2 62
3 40
7 63
2 69
5 6
6 88
7 5
6 83
7 23
2 57
1 87
7 30
4 28
3 71
6 98
5 2
1 0
8 88
4 55
10 35
6 48
10 45
5 38
1 45
9 53
1 73
1 85
4 27
2 84
10 2
9 40
1 90
3 0
6 13
8 80
5 72
4 4
2 95
1 10
1 70
1 54
9 84
3 56
4 19
2 88
2 43
9 34
2 32
7 67
2 44
3 57
6 66
4 94
3 93
2 12
10 18
2 76
9 61
1 23
7 18
8 89
3 68
8 26
8 23
4 64
8 66
8 79
7 33
5 22
7 7
1 27
4 100
1 96
5 34
1 20
7 74
10 68
7 65
8 50
8 27
5 98
5 82
10 3
1 38
10 100
10 50
1 87
9 37
7 2
6 99
2 90
1 73
4 72
8 31
3 4
3 70
8 47
7 40
8 23
2 100
9 45
6 24
10 59
4 88
8 73
3 14
9 9
9 45
1 76
7 66
5 18
1 78
8 3
7 1
1 70
7 33
9 42
1 9
8 22
10 61
10 27
10 32
4 30
4 51
9 67
4 81
3 68
3 84
9 54
10 78
7 22
4 19
4 10
7 25
2 100
5 89
6 92
1 19
10 16
6 28
7 92
1 38
1 53
8 83
10 23
10 84
6 57
6 35
2 6
10 20
4 37
10 72
10 100
8 32
9 54
10 54
2 82
10 87
6 28
3 61
3 17
5 11
10 77
7 6
1 8
9 69
2 39
2 62
3 43
4 99
9 26
9 22
7 60
6 16
2 11
6 61
5 59
4 67
6 80
7 49
5 39
7 35
10 98
5 4
4 75
3 56
6 59
9 77
3 17
2 84
2 35
10 54
4 74
6 48
1 49
9 8
7 1
6 26
3 64
10 6
3 54
9 53
5 87
1 68
4 61
2 65
8 90
5 10
4 14
5 96
6 79
10 11
2 100
9 83
5 88
6 88
5 10
1 92
4 78
3 95
5 84
4 32
4 73
5 58
3 14
7 87
7 66
4 2
7 94
7 80
4 86
2 25
5 78
2 11
10 88
6 60
3 15
3 50
5 15
6 19
6 39
4 23
3 41
3 78
3 54
3 31
8 4
1 20
8 32
6 92
5 39
4 84
5 58
5 99
1 61
6 29
1 33
2 1
10 5
5 20
10 91
1 66
3 97
1 41
10 97
5 28
3 87
7 83
3 58
2 36
3 13
1 16
4 33
6 99
3 63
4 83
3 93
10 7
9 69
2 58
10 59
5 32
6 32
7 50
1 81
10 32
7 47
10 80
5 3
7 11
8 66
1 14
8 7
1 82
3 20
4 56
1 76
10 43
2 96
2 76
8 24
10 29
3 25
2 68
6 1
10 73
5 51
8 13
7 84
8 40
7 52
7 65
2 82
8 100
7 6
4 46
1 89
2 97
7 39
4 73
9 25
3 84
10 37
8 97
5 44
3 30
7 61
5 4
1 0
2 67
4 96
5 14
3 97
4 49
3 24
3 79
3 80
4 39
10 67
3 47
5 12
3 78
8 70
8 93
6 49
3 47
10 91
10 62
8 9
5 81
8 6
4 88
2 72
9 71
4 39
7 79
4 19
2 88
10 76
2 34
3 81
6 98
2 20
10 37
8 100
8 25
8 17
3 41
9 46
3 73
3 33
7 44
7 57
6 77
2 77
7 28
8 51
2 73
10 43
5 1
1 70
4 60
1 54
10 95
7 64
8 49
4 31
7 28
1 3
7 27
7 9
5 100
5 7
6 33
1 55
5 79
6 27
4 39
9 18
1 24
7 48
10 68
1 37
5 7
10 86
7 10
10 17
6 3
1 24
10 55
3 55
6 12
9 100
3 55
9 85
1 55
6 24
1 38
6 26
10 67
2 76
1 75
1 1
7 43
1 44
7 96
1 25
4 70
3 92
10 67
3 79
1 7
2 84
8 8
6 71
5 0
2 66
2 39
3 51
10 10
4 98
3 78
4 95
7 54
10 86
7 83
7 94
2 29
2 13
9 71
7 96
3 41
8 39
4 39
7 26
2 96
1 100
9 6
1 31
2 7
2 86
9 53
10 26
5 51
3 35
2 44
7 57
7 66
3 6
5 96
1 40
2 88
10 39
1 12
9 84
9 35
2 53
10 78
5 95
4 29
7 28
7 52
5 7
7 63
7 89
7 56
9 21
10 86
2 61
6 94
2 18
5 87
8 50
1 14
6 87
5 93
4 2
6 99
3 24
6 55
10 13
7 37
6 9
9 2
7 26
6 37
8 11
5 89
1 11
9 91
10 80
7 40
4 42
3 12
1 88
4 87
6 31
2 82
9 42
1 43
5 0
10 47
5 83
4 26
8 35
6 94
8 25
4 5
1 10
5 72
10 89
9 18
5 70
2 69
8 1
4 98
9 60
3 16
1 2
3 58
2 62
2 78
3 24
5 99
3 62
4 8
5 35
6 51
7 25
9 84
5 63
5 56
2 36
1 43
1 5
9 89
1 39
7 23
10 0
9 53
3 74
9 24
10 33
9 87
9 40
6 51
2 73
4 35
10 60
7 7
3 3
5 3
3 97
7 19
4 84
8 65
6 47
7 57
2 40
8 29
7 12
1 77
6 50
9 47
1 54
2 21
4 4
5 23
5 77
5 25
6 83
4 23
2 94
7 95
7 81
4 81
9 72
4 48
5 41
6 15
3 86
8 20
9 53
6 96
6 86
6 70
1 100
8 35
5 74
2 12
10 23
4 72
2 31
7 15
4 10
4 94
10 45
6 82
7 8
2 3
5 66
3 73
4 1
4 27
4 2
2 25
2 2
2 14
6 93
6 55
6 84
4 43
8 1
4 62
8 51
3 27
3 83
9 17
8 80
4 86
3 60
2 79
2 63
1 12
4 83
6 20
6 44
7 77
10 11
3 88
3 83
8 53
5 83
6 32
4 37
10 51
6 18
5 82
8 44
8 60
7 9
1 34
4 14
4 36
2 43
2 1
3 66
2 94
2 1
4 79
7 35
1 30
5 52
9 100
5 20
2 10
1 55
3 31
8 55
1 34
1 6
7 50
1 27
10 93
5 3
10 44
1 55
2 14
4 80
7 39
2 40
4 47
4 68
6 15
9 66
10 62
2 7
3 93
9 92
9 18
1 88
6 74
8 83
7 48
9 82
1 39
7 29
3 72
5 71
3 17
1 73
3 46
5 48
4 80
7 86
9 6
5 1
10 81
10 22
2 74
3 73
8 31
7 60
4 11
9 15
7 9
7 31
5 1
5 22
1 84
4 80
10 36
6 36
3 35
1 90
6 85
7 92
6 35
7 31
1 76
6 96
6 68
9 58
2 88
4 87
1 86
7 77
6 79
4 87
6 78
9 63
6 62
2 19
1 98
8 20
9 65
6 93
5 70
2 42
8 34
9 94
9 85
9 23
4 10
8 3
7 8
6 56
8 79
8 13
6 27
8 100
9 96
1 36
10 0
1 38
2 93
10 70
5 21
5 40
3 99
4 13
8 49
7 8
1 34
9 97
1 20
3 1
7 24
6 69
5 24
6 3
10 17
2 51
4 53
6 62
5 100
1 83
2 64
7 60
6 10
9 74
1 69
8 19
8 40
1 31
5 46
7 79
6 41
6 7
8 96
8 58
3 51
2 97
10 9
10 42
3 59
1 4
3 99
9 67
5 16
7 77
3 66
3 15
4 22
8 71
6 46
10 50
7 22
10 8
8 53
7 81
2 98
10 93
9 82
9 43
7 35
5 25
3 2
9 26
2 32
3 55
1 7
7 96
6 63
7 28
1 60
6 52
10 60
2 24
10 19
1 19
1 99
8 25
2 64
10 89
10 55
9 79
6 92
4 27
8 34
8 65
9 54
6 86
4 60
10 78
7 30
2 100
6 4
4 48
1 91
10 31
6 96
3 97
2 1
2 42
6 1
10 69
3 14
10 61
6 71
3 6
6 43
1 39
10 100
10 65
9 54
4 74
3 48
9 39
8 94
3 24
1 81
2 82
9 39
1 65
6 56
5 15
10 43
1 45
1 67
5 62
10 66
4 45
5 62
10 51
7 65
6 85
5 19
9 90
5 48
4 69
4 32
9 9
6 89
1 81
4 73
1 24
4 23
5 45
7 80
8 41
9 100
8 37
4 15
5 81
9 10
9 9
2 1
6 94
7 68
5 99
1 77
4 100
10 31
9 77
2 59
1 66
4 48
6 22
10 61
7 65
2 62
4 32
3 88
9 82
3 54
4 62
5 51
3 62
3 30
9 40
8 41
9 41
10 4
5 35
3 87
4 77
3 4
3 96
7 76
9 94
1 40
3 32
5 66
8 13
7 8
10 37
10 84
8 57
1 13
4 25
2 59
5 57
4 65
1 32
1 70
9 92
2 57
8 50
10 95
4 26
9 29
1 37
4 54
8 81
1 89
9 34
1 82
10 78
6 18
7 18
8 26
3 22
3 79
7 9
7 94
3 1
5 15
9 69
3 34
7 99
5 26
6 63
3 38
3 18
6 42
1 17
4 89
8 14
4 23
9 39
4 92
1 52
10 66
6 66
10 74
8 54
2 88
3 53
4 11
5 41
9 78
8 67
2 85
7 22
8 33
5 27
8 5
8 1
10 90
4 80
4 14
2 37
10 53
10 40
3 42
1 8
1 64
9 58
7 52
9 15
9 40
1 18
9 17
1 41
4 43
3 20
5 35
8 24
1 26
4 79
5 64
10 27
1 90
1 3
2 40
1 16
4 40
3 95
1 67
10 50
8 75
5 5
8 68
2 65
1 92
3 80
2 8
7 78
3 72
2 59
7 23
3 87
8 6
3 70
1 36
1 49
9 35
5 56
8 20
8 23
1 62
1 80
10 39
5 96
5 23
3 74
6 61
9 33
7 80
8 62
6 7
7 73
6 41
10 24
2 56
4 76
3 98
10 79
4 93
1 14
4 83
9 86
8 85
2 74
6 16
8 57
3 31
2 82
1 79
2 21
5 32
6 99
7 42
1 75
10 31
1 18
10 2
6 27
4 87
3 43
7 89
2 57
8 0
8 88
4 61
3 29
5 95
2 38
7 98
3 88
8 65
2 11
7 67
6 92
5 18
4 33
4 0
2 10
7 16
7 34
3 86
5 65
1 68
1 51
9 28
4 31
10 52
3 75
9 26
5 97
7 28
2 0
10 86
5 49
5 2
9 97
4 95
2 100
1 59
8 28
2 94
6 38
8 54
1 40
8 93
7 84
6 99
2 81
4 69
6 52
7 39
10 98
6 72
4 22
3 43
9 39
2 38
4 46
4 47
1 97
5 83
9 74
10 24
2 92
1 54
9 94
8 60
9 38
7 61
2 8
3 2
2 3
6 73
3 25
5 39
6 27
4 53
1 44
9 84
10 26
7 87
7 53
6 58
4 51
10 85
7 7
8 94
6 24
7 32
1 38
1 14
2 82
4 71
8 27
7 86
6 5
2 49
2 43
7 8
3 85
5 62
2 40
9 51
5 55
8 69
1 8
7 71
8 32
2 76
7 92
4 77
10 38
5 82
3 98
2 95
3 28
8 13
6 40
1 90
9 71
7 51
10 67
3 21
7 50
9 4
8 76
3 34
7 4
6 53
9 48
5 91
9 33
9 31
2 65
1 55
8 28
4 10
1 3
7 50
9 46
3 66
3 12
5 98
8 41
8 25
1 13
8 40
1 96
1 17
10 23
10 45
5 69
7 13
2 52
7 8
10 69
9 45
6 49
8 65
3 100
7 81
4 98
5 25
6 77
2 7
4 33
8 57
8 79
6 37
2 54
4 25
6 27
6 88
3 99
3 1
9 38
1 11
3 85
10 62
7 66
8 76
9 35
6 5
8 74
8 52
8 80
9 32
3 69
3 44
7 25
8 36
9 88
10 24
3 48
10 83
3 15
1 69
4 51
10 71
4 18
10 35
2 37
4 40
8 37
7 86
2 3
6 50
8 20
9 93
6 63
1 12
7 40
6 65
5 0
6 45
1 77
7 58
5 45
9 0
8 39
9 68
8 100
9 81
6 39
4 30
5 86
2 40
1 13
7 93
7 35
10 40
10 1
8 56
7 47
1 14
9 79
10 10
9 44
7 28
3 57
9 96
7 90
3 1
5 13
7 19
10 66
9 68
7 97
7 62
8 58
4 76
9 31
10 87
1 83
4 3
10 92
6 9
4 15
10 62
3 48
10 21
1 8
5 100
10 11
9 44
10 48
5 62
1 30
9 53
3 74
7 58
1 95
8 78
8 62
6 19
6 56
5 18
6 6
4 45
9 28
5 77
3 60
8 37
3 96
3 15
5 57
2 19
1 58
4 80
7 47
5 77
1 28
10 73
5 73
3 44
2 44
6 29
1 31
9 44
1 19
8 76
8 63
9 97
2 19
5 1
7 97
5 97
2 67
3 66
1 74
1 95
8 64
2 31
4 19
7 67
4 26
2 34
6 57
10 92
8 60
7 80
5 83
9 78
10 65
3 7
10 76
9 68
3 59
1 55
4 37
6 16
10 21
9 67
1 90
8 77
5 96
8 65
8 76
7 48
3 4
6 25
4 29
7 56
1 74
1 20
4 81
7 69
3 7
8 1
6 72
4 83
9 37
5 4
6 65
3 78
3 75
3 82
7 95
2 40
1 54
8 31
3 70
10 3
4 29
7 38
8 35
3 26
6 29
7 77
3 85
6 69
1 29
7 33
3 42
4 64
6 100
9 78
9 59
4 10
4 30
5 97
5 49
9 59
7 25
8 65
10 57
9 34
10 100
4 74
10 54
9 76
6 57
4 10
1 64
1 68
8 18
10 54
5 56
7 87
6 35
8 22
10 16
5 28
9 15
6 29
5 87
6 53
7 69
9 6
9 64
5 42
5 17
5 7
5 38
9 4
9 30
2 81
9 66
1 0
3 45
1 82
10 58
4 63
8 21
1 80
2 25
10 95
10 40
9 4
5 10
2 97
5 96
8 93
7 61
2 24
8 8
10 27
9 71
5 47
9 46
5 87
6 44
3 49
2 42
1 78
6 63
6 54
5 32
3 26
4 44
5 73
9 79
8 60
2 49
6 87
8 50
4 16
10 22
3 61
1 29
9 70
6 92
6 94
9 19
9 5
2 26
1 7
3 73
7 64
4 34
3 4
1 6
9 41
9 29
9 67
5 74
2 18
9 54
8 95
1 15
4 16
2 85
9 80
6 36
3 83
2 41
8 83
2 96
5 56
8 2
10 73
10 52
1 70
10 58
9 4
1 28
4 96
6 22
7 60
1 2
8 5
1 89
6 52
10 3
2 83
9 46
6 10
2 58
4 37
4 51
2 47
4 38
3 17
2 74
4 53
5 20
5 84
4 96
6 29
5 22
10 6
8 78
10 81
9 10
6 81
10 12
4 81
8 29
2 38
3 21
4 14
3 48
1 2
1 42
8 36
10 82
9 80
9 80
5 96
10 72
1 4
4 31
1 15
5 51
9 3
8 90
6 20
1 12
3 7
1 47
5 42
8 81
9 73
3 90
8 26
8 42
8 30
5 40
6 81
4 19
3 53
8 56
3 76
8 2
2 81
9 19
3 45
1 83
1 94
2 77
5 28
3 83
4 69
1 88
5 43
9 86
7 76
4 62
6 92
8 17
10 81
7 42
10 25
9 40
2 26
1 43
1 43
3 71
10 74
8 56
4 10
5 87
1 55
9 62
7 57
3 45
3 38
3 36
2 36
3 8
5 56
1 24
4 58
1 45
3 41
4 50
9 84
4 46
1 18
1 25
8 100
6 5
2 33
7 48
8 42
5 28
2 90
10 69
2 82
1 32
4 57
3 80
10 10
9 28
3 19
9 51
7 21
2 17
10 43
8 97
9 65
2 64
5 29
5 6
7 6
8 0
1 89
4 95
6 17
8 71
9 80
3 33
3 11
7 15
8 58
2 44
8 58
7 15
5 82
1 96
8 77
4 85
1 6
6 41
3 25
2 36
4 72
8 38
2 36
4 58
5 65
10 16
9 5
2 60
10 85
6 85
9 52
4 34
3 56
4 0
10 70
10 8
7 18
7 77
4 24
9 90
1 44
4 3
9 37
8 4
10 97
6 57
7 96
4 55
4 78
3 79
4 34
5 32
3 66
8 47
10 98
9 57
5 57
7 40
1 58
5 65
2 23
2 4
2 4
6 21
3 89
2 51
6 87
5 30
3 38
6 32
7 68
7 82
5 66
3 76
9 21
9 25
5 50
5 72
3 1
7 99
2 35
3 67
8 45
3 52
4 43
8 59
8 40
8 99
1 56
9 93
3 20
3 79
2 37
7 16
6 95
7 92
4 84
6 7
3 72
2 52
10 38
7 82
7 57
4 60
1 75
7 56
10 4
1 91
3 28
4 10
1 59
8 36
3 20
3 9
1 35
6 19
2 14
6 83
7 96
5 58
7 34
1 84
1 88
4 81
3 87
1 24
4 59
1 80
3 27
2 55
5 13
7 92
2 96
10 72
3 79
3 65
10 18
7 66
1 67
4 73
9 70
1 11
6 99
2 89
10 92
4 81
10 98
3 68
4 82
3 31
7 79
4 36
9 71
9 52
4 23
2 58
1 94
7 51
1 42
7 36
1 73
6 85
10 4
1 80
7 4
6 94
10 36
2 67
3 36
4 55
6 98
6 44
1 85
3 48
5 86
4 48
2 72
9 7
5 70
3 14
4 14
5 88
4 12
4 47
6 91
4 32
1 86
9 51
9 33
7 54
8 57
4 17
2 96
6 87
9 69
2 28
6 90
2 38
4 17
10 3
4 38
2 75
5 85
3 21
5 73
2 26
8 10
2 60
8 77
10 47
9 48
5 38
7 11
8 76
6 5
2 23
4 41
5 79
1 60
7 38
5 11
10 7
1 21
6 78
5 39
1 49
10 69
9 47
3 48
4 31
5 83
2 93
3 73
4 67
6 23
4 81
3 34
5 81
7 66
6 10
3 73
7 23
1 1
3 22
4 20
2 15
5 78
3 94
4 48
5 5
7 6
1 66
7 40
8 1
6 97
1 84
3 88
10 41
10 41
7 3
6 17
1 47
9 70
9 18
9 95
3 1
8 24
9 92
10 3
1 66
3 8
1 69
5 32
4 99
3 73
9 33
8 16
9 23
1 39
2 66
8 48
1 65
2 73
9 98
1 41
4 14
3 60
6 20
4 65
7 11
2 72
3 99
10 43
3 17
8 47
7 17
5 84
4 80
4 82
4 25
9 25
1 81
8 93
5 91
7 94
5 2
2 14
10 22
2 82
6 8
5 20
6 73
6 1
7 88
2 67
4 37
1 86
10 95
8 57
5 89
1 6
7 49
4 69
10 54
3 81
1 22
6 0
4 33
9 12
3 41
8 89
3 78
10 95
1 47
9 36
1 36
3 70
2 8
1 27
1 12
6 68
3 58
6 83
3 22
8 86
1 40
1 71
5 81
10 95
5 52
5 98
2 89
8 95
8 100
3 43
8 93
5 95
2 17
10 74
4 21
6 65
1 91
8 92
10 2
10 53
1 44
3 65
1 93
9 63
10 26
3 13
10 67
8 18
3 96
8 41
4 34
5 49
3 34
8 25
8 84
8 95
8 23
8 72
5 49
5 18
6 98
5 82
5 20
6 22
4 1
4 7
2 6
4 4
9 94
5 96
3 8
8 2
3 40
5 29
3 83
5 56
7 96
4 63
4 18
4 83
1 48
5 69
10 15
1 99
5 73
4 88
3 60
3 45
7 81
9 33
9 22
7 51
2 45
2 72
8 46
4 93
5 44
10 87
5 18
1 88
2 59
8 97
9 39
6 57
2 0
6 67
9 6
4 83
5 39
7 97
3 40
9 89
1 83
7 28
3 8
4 62
9 4
10 28
5 78
8 99
3 89
5 43
10 81
10 86
3 84
3 23
4 57
5 45
1 13
4 92
7 10
8 26
3 73
5 43
8 15
8 68
9 6
7 51
3 5
5 66
1 49
6 56
9 54
7 46
7 2
5 23
5 52
6 60
1 20
4 2
3 66
2 43
2 40
2 97
4 34
10 97
7 70
5 83
6 41
9 40
8 65
9 91
2 50
1 32
1 79
4 20
10 49
4 69
10 100
1 43
6 30
8 75
2 30
10 18
4 83
4 63
1 27
10 69
8 43
6 57
10 67
1 40
6 40
9 44
2 27
3 83
6 25
6 64
3 23
6 58
7 47
7 3
9 51
1 97
7 31
6 63
8 14
6 12
4 10
2 59
10 59
1 41
3 11
10 87
1 10
6 96
5 93
6 85
7 46
8 74
10 71
9 71
1 69
10 15
2 97
2 27
4 11
5 8
5 68
3 69
7 65
6 45
5 31
9 65
6 98
1 11
8 92
2 72
5 26
2 74
10 80
7 46
2 78
6 87
10 31
7 84
3 40
8 99
4 15
5 57
1 77
4 25
6 32
8 26
1 68
4 9
4 39
6 83
5 61
9 31
7 76
3 96
4 81
7 29
1 33
2 77
3 9
3 7
4 14
3 94
9 78
8 68
6 41
2 63
10 13
10 54
3 32
6 89
1 26
1 19
7 53
10 32
6 26
5 41
4 69
9 67
5 33
7 89
4 82
5 42
1 51
7 21
3 30
3 75
4 17
3 79
3 10
9 58
6 8
5 98
6 66
2 22
1 80
1 80
6 64
4 87
8 4
8 24
10 17
3 7
8 15
5 53
10 13
1 23
8 0
1 30
6 96
4 44
8 32
9 42
9 58
6 37
2 4
10 47
3 5
7 6
8 15
4 71
7 24
6 8
9 59
5 5
6 52
5 28
2 9
10 83
7 17
8 7
5 23
2 65
9 3
9 94
9 81
6 13
6 59
2 10
8 1
2 91
6 15
2 71
5 9
2 40
4 16
10 88
2 0
1 39
7 59
9 100
3 87
2 68
5 14
1 48
8 60
1 88
7 87
8 45
9 4
1 25
10 91
7 84
9 8
7 58
3 14
5 3
8 27
1 60
9 6
2 10
9 61
7 89
10 27
10 52
3 45
8 57
6 32
4 52
8 68
1 93
3 4
1 82
6 94
7 65
7 11
1 67
4 72
1 83
5 23
3 48
2 56
2 57
3 61
6 65
8 65
3 99
5 3
10 30
1 89
5 14
1 54
4 95
3 53
4 90
5 55
9 75
4 91
3 9
6 8
9 80
8 81
7 7
1 1
10 48
4 0
5 5
10 87
6 39
6 60
4 62
1 12
8 78
6 13
3 52
2 56
3 52
1 6
3 90
1 9
3 70
6 62
7 72
9 21
4 38
3 67
8 72
3 93
2 53
3 26
2 43
3 7
9 73
4 72
1 39
10 71
5 1
3 12
1 100
1 84
5 99
3 3
3 4
7 53
6 69
2 34
10 31
1 40
7 53
2 88
5 64
8 99
9 32
5 24
6 71
4 84
6 63
10 16
1 99
4 88
2 83
7 37
8 20
6 55
4 58
7 3
4 71
2 21
9 91
1 41
6 14
1 59
5 4
7 51
2 31
7 2
4 92
3 9
6 93
9 47
6 30
10 93
9 95
6 56
1 9
8 75
8 42
7 64
2 22
3 64
7 87
9 74
3 86
10 38
4 64
1 65
2 9
2 61
3 47
6 41
8 83
3 85
5 20
1 47
10 38
2 9
8 58
6 75
7 60
7 84
6 80
9 27
5 6
5 32
8 79
9 87
2 58
2 74
8 82
2 46
7 8
5 88
5 31
7 90
9 63
2 4
5 22
3 7
1 51
2 24
10 85
3 13
2 8
2 98
3 73
6 91
1 85
3 76
8 52
2 77
8 42
2 2
5 44
6 24
3 21
3 17
4 83
7 95
6 95
7 62
10 52
8 3
8 29
4 47
8 84
6 33
7 45
9 89
3 35
2 31
6 9
4 34
7 75
3 66
2 71
7 28
9 3
7 34
8 23
10 67
6 52
2 16
6 42
5 43
4 88
5 34
3 37
9 39
3 12
4 6
4 45
8 75
5 72
2 2
4 32
1 23
3 5
10 8
3 82
4 88
7 3
1 30
5 75
8 2
5 88
1 66
3 46
4 15
8 54
9 13
8 20
9 52
10 82
7 33
6 4
3 86
7 100
6 90
10 15
1 41
2 88
6 74
1 27
8 47
7 49
10 25
4 51
1 68
7 99
10 12
2 81
3 46
8 11
2 19
3 9
5 94
8 8
5 17
2 35
2 87
4 37
4 54
2 5
6 29
8 82
2 6
6 42
1 23
10 19
4 35
7 92
6 87
4 34
3 5
6 3
3 8
5 64
6 41
5 73
6 53
3 75
1 3
9 16
8 77
5 16
1 83
3 66
9 24
3 94
3 98
8 9
2 84
2 30
10 6
9 57
1 35
7 48
8 71
8 94
8 51
3 60
5 50
7 38
3 47
4 32
9 29
1 15
9 30
9 96
8 15
10 47
5 29
3 46
5 99
7 41
6 0
8 89
3 87
4 1
4 33
4 17
4 100
4 27
5 67
1 37
10 17
9 4
6 97
5 45
4 78
4 88
5 21
7 74
3 89
5 94
5 47
6 25
10 21
7 75
2 79
3 16
8 35
3 27
3 7
7 2
6 12
3 35
4 84
10 49
6 65
2 84
5 73
8 58
6 2
10 30
6 73
9 38
10 53
4 68
7 92
1 25
9 7
6 97
4 17
8 63
6 76
4 26
9 51
3 17
10 0
5 65
8 56
2 38
7 37
4 59
10 94
2 74
7 84
5 6
1 60
8 89
3 15
10 82
9 19
10 76
3 40
3 97
4 86
6 0
6 72
7 100
3 4
5 59
4 42
2 29
10 2
7 3
1 57
6 54
6 51
8 82
8 90
3 99
8 29
9 38
2 25
4 51
3 36
7 24
3 69
9 36
5 27
2 20
1 23
3 32
6 78
1 99
2 79
8 66
5 33
8 63
6 79
3 25
3 46
6 88
4 19
4 60
7 23
9 67
4 100
2 9
3 55
10 98
1 8
8 9
1 3
3 54
8 34
7 27
1 68
9 48
7 95
8 29
2 19
2 82
4 75
10 25
3 93
3 34
5 41
10 29
4 32
6 77
3 69
5 12
3 62
6 5
4 89
5 77
1 27
2 37
1 68
1 96
10 63
2 17
3 12
7 73
6 53
3 59
8 25
3 37
3 54
3 68
2 54
1 94
8 57
3 92
7 11
1 28
7 12
6 52
7 78
3 12
4 38
4 28
9 17
9 45
7 6
8 43
10 21
3 98
5 92
10 45
5 69
3 12
7 26
6 87
8 32
1 49
9 37
4 5
4 40
7 95
4 16
7 56
10 81
5 59
2 45
10 73
7 50
1 62
9 16
5 62
9 4
1 1
2 99
7 10
5 21
4 30
2 2
5 35
9 15
3 88
2 44
7 19
4 34
7 87
4 57
3 23
5 82
3 30
4 33
4 16
9 16
3 39
8 82
8 45
1 66
5 29
4 87
5 24
9 73
9 36
9 69
2 2
6 98
8 72
10 87
1 57
6 25
3 66
9 69
4 47
6 8
7 44
9 89
9 13
6 30
6 41
4 54
2 32
2 69
1 9
10 13
6 19
8 53
5 56
10 24
1 59
4 69
9 72
4 92
8 42
7 33
6 89
3 79
8 7
3 66
2 53
10 23
8 28
8 22
6 30
6 97
1 89
8 27
6 56
8 91
3 31
3 81
1 14
10 90
3 6
2 5
6 29
8 95
3 17
1 68
5 56
7 66
1 16
1 45
7 66
8 88
9 1
2 75
8 26
8 18
10 29
2 30
10 88
8 59
2 79
2 23
7 40
1 41
4 42
3 33
3 79
8 6
1 15
5 11
4 65
4 52
10 82
10 82
4 40
9 65
8 99
7 98
4 85
7 60
10 87
10 34
9 49
8 54
10 0
3 17
7 14
6 6
2 98
2 27
4 86
10 28
8 36
7 95
1 50
4 28
3 24
10 17
10 95
8 89
4 36
10 68
3 47
3 71
10 48
6 4
3 45
5 73
1 31
3 70
7 86
1 72
9 86
9 44
5 11
9 58
10 74
6 34
4 36
5 24
4 53
4 90
10 44
8 68
7 13
4 47
3 80
7 19
6 99
8 35
3 3
8 79
7 56
7 38
7 27
7 73
4 18
10 15
4 73
3 79
4 92
9 70
1 50
8 86
1 86
7 1
2 77
1 21
2 40
5 53
4 52
3 28
5 82
10 87
3 95
1 17
7 70
1 97
8 0
9 68
6 38
3 26
1 45
8 41
6 36
8 52
9 71
4 50
5 84
2 100
8 94
9 22
7 58
8 88
7 81
1 39
8 52
7 45
5 43
6 74
6 86
1 19
1 96
8 41
1 31
6 89
5 53
6 43
1 58
6 74
2 6
9 25
7 2
7 73
9 57
7 13
4 23
10 81
2 10
8 48
4 23
7 32
7 93
2 57
9 8
9 78
8 40
7 78
4 51
6 34
9 40
10 28
4 10
4 29
10 88
8 57
2 58
9 8
9 30
8 66
1 95
6 12
6 56
6 76
3 43
9 51
3 94
3 8
2 61
7 98
6 32
2 17
8 22
10 1
8 71
10 70
1 24
1 7
8 37
6 86
1 98
1 14
1 43
6 78
1 20
3 0
6 52
7 24
10 26
4 89
8 48
6 39
7 15
9 60
6 16
1 92
8 9
5 33
7 58
8 30
3 83
6 61
2 100
10 0
2 4
9 9
8 8
10 94
9 72
4 64
8 63
4 11
9 20
6 63
1 10
8 100
10 88
3 72
4 60
8 13
6 53
2 65
1 10
2 92
9 82
7 14
8 37
10 58
1 9
10 68
5 62
3 82
8 71
3 95
1 49
6 54
1 41
3 11
7 0
2 20
10 3
2 46
6 73
9 6
8 35
5 61
7 75
10 48
6 54
10 50
2 99
3 100
2 53
10 69
1 17
3 86
7 91
10 8
3 76
4 10
3 91
7 80
8 11
8 69
10 76
4 98
3 4
8 31
4 32
7 2
4 75
8 56
4 83
5 25
6 35
10 25
7 2
10 92
10 95
9 88
8 18
10 92
6 77
5 50
8 56
6 1
2 23
6 90
7 43
10 58
4 21
3 43
8 10
9 24
8 32
3 8
5 50
1 77
5 48
8 34
10 95
6 14
6 30
3 31
3 89
2 54
10 48
7 73
1 65
4 86
4 86
6 66
6 97
9 27
9 74
5 90
9 97
1 29
7 73
9 76
2 79
9 70
6 77
1 4
3 100
9 17
5 16
1 83
4 84
8 70
6 59
10 66
5 11
6 48
5 82
9 25
9 31
10 72
10 2
5 82
4 53
9 4
6 24
4 73
1 90
4 47
8 83
3 79
2 23
8 59
4 30
2 97
9 80
3 23
8 52
4 18
6 65
5 33
6 49
4 23
3 71
7 85
8 73
3 37
4 79
7 42
3 45
6 37
10 16
9 55
9 6
4 71
9 16
3 88
2 53
6 81
3 65
2 12
5 49
2 7
10 91
10 3
8 61
7 94
6 73
8 93
4 98
4 28
6 33
4 20
10 86
9 47
3 89
1 56
5 4
1 17
5 5
7 94
3 49
1 95
1 57
10 20
10 82
10 18
4 20
5 96
8 14
8 81
5 74
6 34
8 59
2 37
4 75
6 66
2 94
3 23
7 30
2 22
2 79
7 98
8 100
9 80
6 54
5 40
3 63
3 18
10 85
7 59
5 40
10 97
1 20
6 66
4 58
9 92
3 24
3 47
9 8
6 17
5 39
8 5
3 5
8 14
8 20
8 90
6 68
8 73
8 73
3 53
10 19
6 28
5 92
8 52
1 15
4 41
4 75
7 93
9 100
1 55
3 80
8 99
4 64
7 96
6 98
8 68
7 0
1 86
7 95
5 44
1 68
7 88
8 20
1 47
9 50
6 97
9 16
6 81
7 22
1 76
6 18
9 95
7 95
4 51
3 77
9 100
7 57
3 1
1 21
3 63
9 74
9 71
3 6
2 13
8 71
1 92
8 75
4 84
7 16
6 49
8 8
9 19
5 72
1 48
7 59
2 55
2 6
4 84
9 23
7 86
8 80
5 25
8 49
4 97
2 72
5 27
4 29
2 14
7 56
2 7
3 48
1 61
9 50
9 19
2 7
1 3
2 18
9 66
7 68
2 79
6 3
5 59
6 79
5 58
9 16
2 24
9 16
1 42
4 67
7 16
4 6
5 34
8 32
6 36
4 69
1 65
8 30
6 33
2 58
9 42
4 73
5 98
6 64
10 29
9 81
5 67
9 90
4 47
8 81
6 46
4 52
8 5
8 16
7 36
3 42
2 72
4 11
8 70
7 76
8 95
4 32
9 24
2 32
10 65
2 85
9 4
8 65
3 16
7 39
8 2
4 18
6 18
5 94
1 96
4 51
7 23
7 60
2 45
5 15
8 17
10 55
1 46
1 99
2 59
3 41
4 97
6 59
10 35
5 72
2 11
5 61
9 66
5 24
10 65
4 83
10 47
4 21
4 29
7 86
1 71
5 6
6 21
1 38
10 33
2 92
8 72
8 35
2 26
2 73
3 64
6 48
5 83
7 2
3 15
3 62
9 88
9 52
6 56
6 0
6 48
6 19
3 18
5 82
2 93
8 72
3 49
10 86
8 76
3 40
8 75
1 100
8 34
9 9
6 41
10 97
5 92
1 25
8 82
7 95
3 84
8 10
5 70
7 80
4 52
9 100
7 47
6 92
6 33
9 31
7 37
2 66
1 52
7 62
4 86
4 2
4 32
4 13
1 29
1 71
7 42
6 67
5 86
10 83
4 33
5 29
1 21
3 17
6 52
1 52
7 5
5 94
6 58
6 25
4 6
3 75
4 64
7 39
6 12
5 29
8 35
7 57
9 48
7 31
10 74
2 35
10 36
4 0
6 51
3 79
2 98
8 12
8 56
