50
4 6 4
1 4 2 1
100 10 1
1
5 5 10
2 4 2 3 4 2 1 2 1 3
1 1 1
1
100 2 2
1 2
1000 100 10
4 3 9 1 2 5 6 9 1 10
1 10 10
4 3 4 1 2 5 6 9 1 10
1 10 9
1 1 1 1 1 1 1 1 1
1000 10 9
1 1 1 1 1 1 1 1 1
934 9 10
8 8 8 8 8 8 8 8 8 8
734 3 10
1 2 3 3 2 1 1 2 3 1
345 19 10
10 10 10 10 10 10 10 10 10 10
765 10 10
10 1 10 1 10 1 10 1 10 1
1000 100 10
10 10 10 10 10 10 10 10 10 10
734 20 10
1 2 3 4 5 6 7 8 9 10
631 16 10
10 9 8 7 6 5 4 3 2 1
3 14 5
4 9 9 9 4
2 12 9
7 9 1 6 7 4 4 5 5
2 13 8
8 2 5 7 1 1 10 5
2 13 9
5 10 3 6 5 2 5 9 8
523 5 10
2 4 4 1 5 4 5 5 1 1
219 8 9
6 6 1 5 8 6 4 3 8
836 11 10
3 7 1 8 7 8 10 3 7 5
553 11 9
9 2 7 10 8 7 1 3 9
5 25 10
7 1 10 3 9 5 5 8 7 3
5 24 10
10 3 8 4 9 9 2 2 5 3
8 20 9
1 1 10 9 9 6 1 10 10
5 25 9
8 2 1 4 8 4 3 10 1
97 17 8
5 6 9 7 9 6 7 7
69 28 9
7 6 7 8 7 7 8 8 5
176 25 8
9 8 9 5 6 7 8 9
97 26 8
7 5 7 6 9 6 9 6
20 37 10
5 5 6 5 5 8 7 6 5 8
554 44 8
5 6 8 7 6 9 8 5
432 27 10
8 6 7 5 8 7 5 6 7 8
791 82 8
5 5 8 8 5 8 9 7
391 97 9
9 9 9 9 8 9 7 6 7
106 49 5
9 9 6 6 9
469 91 6
8 6 9 9 8 9
889 61 6
7 7 7 8 6 7
962 61 6
5 7 6 5 5 7
365 39 8
9 8 6 7 9 7 8 8
148 16 8
7 8 5 9 5 6 8 7
710 11 9
9 5 7 7 7 5 8 5 5
363 90 6
6 8 5 7 8 7
998 92 7
7 8 8 7 9 8 7
140 20 8
5 6 7 7 8 9 6 5
421 31 9
8 9 9 6 6 7 5 5 5
413 58 9
8 6 8 6 8 9 7 6 5
914 70 9
8 8 5 9 5 8 5 6 7
